1735911309803 0.003194888178913738 1
1735911317658 0.006389776357827476 2
1735911320363 0.009584664536741214 3
1735911323620 0.012779552715654952 4
1735911326652 0.01597444089456869 5
1735911329176 0.019169329073482427 6
1735911332271 0.022364217252396165 7
1735911334581 0.025559105431309903 8
1735911337081 0.02875399361022364 9
1735911339922 0.03194888178913738 10
1735911342266 0.03514376996805112 11
1735911345400 0.038338658146964855 12
1735911347811 0.04153354632587859 13
1735911350626 0.04472843450479233 14
1735911353507 0.04792332268370607 15
1735911356610 0.051118210862619806 16
1735911359042 0.054313099041533544 17
1735911362151 0.05750798722044728 18
1735911365326 0.06070287539936102 19
1735911367950 0.06389776357827476 20
1735911370302 0.0670926517571885 21
1735911372686 0.07028753993610223 22
1735911375187 0.07348242811501597 23
1735911378157 0.07667731629392971 24
1735911380984 0.07987220447284345 25
1735911383527 0.08306709265175719 26
1735911385908 0.08626198083067092 27
1735911388460 0.08945686900958466 28
1735911390753 0.0926517571884984 29
1735911393325 0.09584664536741214 30
1735911395712 0.09904153354632587 31
1735911398700 0.10223642172523961 32
1735911401523 0.10543130990415335 33
1735911404297 0.10862619808306709 34
1735911406606 0.11182108626198083 35
1735911410571 0.11501597444089456 36
1735911413066 0.1182108626198083 37
1735911415759 0.12140575079872204 38
1735911418620 0.12460063897763578 39
1735911421000 0.12779552715654952 40
1735911423467 0.13099041533546327 41
1735911425926 0.134185303514377 42
1735911428984 0.13738019169329074 43
1735911431750 0.14057507987220447 44
1735911434221 0.14376996805111822 45
1735911436595 0.14696485623003194 46
1735911439236 0.1501597444089457 47
1735911441677 0.15335463258785942 48
1735911444930 0.15654952076677317 49
1735911447234 0.1597444089456869 50
1735911449722 0.16293929712460065 51
1735911452100 0.16613418530351437 52
1735911454819 0.16932907348242812 53
1735911457408 0.17252396166134185 54
1735911460306 0.1757188498402556 55
1735911463059 0.17891373801916932 56
1735911465544 0.18210862619808307 57
1735911468092 0.1853035143769968 58
1735911470622 0.18849840255591055 59
1735911473627 0.19169329073482427 60
1735911476770 0.19169329073482427 60
