1735911309803 0.9322354793548584 1
1735911317658 0.9547149538993835 2
1735911320363 1.0887272357940674 3
1735911323620 1.1193065643310547 4
1735911326652 1.169347882270813 5
1735911329176 1.0167250633239746 6
1735911332271 0.863689124584198 7
1735911334581 1.2676531076431274 8
1735911337081 1.1466468572616577 9
1735911339922 0.7900161147117615 10
1735911342266 0.717451274394989 11
1735911345400 0.5392537713050842 12
1735911347811 0.5269109606742859 13
1735911350626 0.4417952001094818 14
1735911353507 0.380805104970932 15
1735911356610 0.41234466433525085 16
1735911359042 0.4127505123615265 17
1735911362151 0.4276754558086395 18
1735911365326 0.44446542859077454 19
1735911367950 0.46728941798210144 20
1735911370302 0.5143897533416748 21
1735911372686 0.4265654981136322 22
1735911375187 0.4722287952899933 23
1735911378157 0.5182834267616272 24
1735911380984 0.46002715826034546 25
1735911383527 0.5354167819023132 26
1735911385908 0.5449813604354858 27
1735911388460 0.4955989718437195 28
1735911390753 0.5680204033851624 29
1735911393325 0.5882876515388489 30
1735911395712 0.5737284421920776 31
1735911398700 0.4880077540874481 32
1735911401523 0.5229907631874084 33
1735911404297 0.5195857286453247 34
1735911406606 0.5150617361068726 35
1735911410571 0.45084598660469055 36
1735911413066 0.43794354796409607 37
1735911415759 0.41685548424720764 38
1735911418620 0.3816126883029938 39
1735911421000 0.36637958884239197 40
1735911423467 0.34646573662757874 41
1735911425926 0.3910582661628723 42
1735911428984 0.3812166452407837 43
1735911431750 0.36039817333221436 44
1735911434221 0.38109955191612244 45
1735911436595 0.38847580552101135 46
1735911439236 0.375364750623703 47
1735911441677 0.3836655020713806 48
1735911444930 0.3591923117637634 49
1735911447234 0.35311731696128845 50
1735911449722 0.36580267548561096 51
1735911452100 0.4025091230869293 52
1735911454819 0.4416026473045349 53
1735911457408 0.34749525785446167 54
1735911460306 0.4106122553348541 55
1735911463059 0.37387239933013916 56
1735911465544 0.3967682421207428 57
1735911468092 0.38059547543525696 58
1735911470622 0.4491741359233856 59
1735911473627 0.44084668159484863 60
