1735911309803 4e-05 1
1735911317658 8e-05 2
1735911320363 0.00012 3
1735911323620 0.00016 4
1735911326652 0.0002 5
1735911329176 0.00019636363636363636 6
1735911332271 0.00019272727272727274 7
1735911334581 0.0001890909090909091 8
1735911337081 0.00018545454545454545 9
1735911339922 0.00018181818181818183 10
1735911342266 0.0001781818181818182 11
1735911345400 0.00017454545454545454 12
1735911347811 0.0001709090909090909 13
1735911350626 0.00016727272727272728 14
1735911353507 0.00016363636363636366 15
1735911356610 0.00016 16
1735911359042 0.00015636363636363637 17
1735911362151 0.00015272727272727275 18
1735911365326 0.0001490909090909091 19
1735911367950 0.00014545454545454546 20
1735911370302 0.00014181818181818184 21
1735911372686 0.0001381818181818182 22
1735911375187 0.00013454545454545455 23
1735911378157 0.00013090909090909093 24
1735911380984 0.00012727272727272728 25
1735911383527 0.00012363636363636364 26
1735911385908 0.00012 27
1735911388460 0.00011636363636363636 28
1735911390753 0.00011272727272727272 29
1735911393325 0.00010909090909090909 30
1735911395712 0.00010545454545454545 31
1735911398700 0.00010181818181818181 32
1735911401523 9.818181818181818e-05 33
1735911404297 9.454545454545455e-05 34
1735911406606 9.090909090909092e-05 35
1735911410571 8.727272727272727e-05 36
1735911413066 8.363636363636364e-05 37
1735911415759 8e-05 38
1735911418620 7.636363636363637e-05 39
1735911421000 7.272727272727273e-05 40
1735911423467 6.90909090909091e-05 41
1735911425926 6.545454545454546e-05 42
1735911428984 6.181818181818182e-05 43
1735911431750 5.818181818181818e-05 44
1735911434221 5.4545454545454546e-05 45
1735911436595 5.090909090909091e-05 46
1735911439236 4.7272727272727275e-05 47
1735911441677 4.3636363636363636e-05 48
1735911444930 4e-05 49
1735911447234 3.6363636363636364e-05 50
1735911449722 3.272727272727273e-05 51
1735911452100 2.909090909090909e-05 52
1735911454819 2.5454545454545454e-05 53
1735911457408 2.1818181818181818e-05 54
1735911460306 1.8181818181818182e-05 55
1735911463059 1.4545454545454545e-05 56
1735911465544 1.0909090909090909e-05 57
1735911468092 7.272727272727272e-06 58
1735911470622 3.636363636363636e-06 59
1735911473627 0.0 60
