1735911309803 2.3487 1
1735911317658 2.3354 2
1735911320363 2.3756 3
1735911323620 2.2313 4
1735911326652 2.093 5
1735911329176 1.8074 6
1735911332271 1.554 7
1735911334581 1.2824 8
1735911337081 1.0989 9
1735911339922 0.9947 10
1735911342266 0.8465 11
1735911345400 0.8784 12
1735911347811 0.7712 13
1735911350626 0.8592 14
1735911353507 0.7356 15
1735911356610 0.7628 16
1735911359042 0.6352 17
1735911362151 0.6972 18
1735911365326 0.7526 19
1735911367950 0.6895 20
1735911370302 0.6389 21
1735911372686 0.67 22
1735911375187 0.727 23
1735911378157 0.7476 24
1735911380984 0.7299 25
1735911383527 0.6606 26
1735911385908 0.6615 27
1735911388460 0.6446 28
1735911390753 0.5594 29
1735911393325 0.6517 30
1735911395712 0.6304 31
1735911398700 0.646 32
1735911401523 0.6861 33
1735911404297 0.666 34
1735911406606 0.612 35
1735911410571 0.6128 36
1735911413066 0.526 37
1735911415759 0.642 38
1735911418620 0.5658 39
1735911421000 0.6378 40
1735911423467 0.5391 41
1735911425926 0.6274 42
1735911428984 0.6929 43
1735911431750 0.6748 44
1735911434221 0.5125 45
1735911436595 0.5609 46
1735911439236 0.6202 47
1735911441677 0.5793 48
1735911444930 0.6353 49
1735911447234 0.4961 50
1735911449722 0.6048 51
1735911452100 0.5415 52
1735911454819 0.6329 53
1735911457408 0.5472 54
1735911460306 0.6441 55
1735911463059 0.6142 56
1735911465544 0.6195 57
1735911468092 0.5882 58
1735911470622 0.5677 59
1735911473627 0.6857 60
